4294967279,106
4294967279,105
4294967279,104
4294967279,103
4294967279,102
4294967279,101
4294967279,100
4294967279,99
4294967279,98
4294967279,97
4294967279,96
4294967279,95
4294967279,94
4294967279,93
4294967279,92
4294967279,91
4294967279,90
4294967279,89
4294967279,87
4294967279,86
4294967279,85
4294967279,84
4294967279,83
4294967279,82
4294967279,81
4294967279,80
4294967278,38
4294967278,34
4294967278,32
4294967278,30
4294967278,29
4294967278,28
4294967278,27
4294967278,24
4294967278,22
4294967278,21
4294967278,20
4294967278,19
4294967278,18
4294967278,17
4294967278,16
4294967278,15
4294967278,271
4294967278,14
4294967278,13
4294967278,12
4294967278,266
4294967278,11
4294967278,280
4294967278,10
4294967278,9
4294967278,8
4294967278,7
4294967278,6
4294967278,5
4294967278,4
4294967279,132
4294967279,131
4294967279,130
4294967279,129
4294967279,128
4294967279,127
4294967279,126
4294967279,125
4294967279,124
4294967279,123
4294967279,122
4294967279,121
4294967279,120
4294967279,247
4294967279,119
4294967279,118
4294967279,117
4294967279,116
4294967279,115
4294967279,114
4294967279,113
4294967279,112
4294967279,111
4294967279,231
4294967279,110
4294967279,229
4294967279,109
4294967279,108
4294967279,107
4294967279,22
4294967279,20
4294967279,19
4294967279,16
4294967279,14
4294967279,12
4294967279,340
4294967278,532
4294967294,18
4294967294,127
4294967294,126
4294967294,20
4294967294,13
4294967278,209
4294967294,965
4294967294,919
4294967294,902
4294967294,898
4294967294,182
4294967294,173
4294967294,162
4294967278,201
4294967278,200
4294967278,199
4294967279,339
4294967278,193
28,6
28,5
28,4
4294967278,194
28,3
28,2
28,1
4294967278,531
4294967278,189
4294967278,188
4294967278,187
4294967278,186
4294967278,183
4294967278,185
4294967278,184
4294967278,530
4294967278,182
4294967278,181
4294967278,180
4294967278,179
4294967278,529
4294967279,338
4294967278,528
4294967278,175
4294967294,973
4294967294,967
4294967279,337
4294967278,173
4294967278,527
4294967278,172
4294967278,171
4294967278,168
4294967278,170
25,5
25,4
4294967278,169
25,3
25,2
25,1
4294967278,167
4294967278,166
4294967279,336
4294967278,165
4294967278,164
4294967278,526
4294967278,525
4294967279,335
4294967278,524
4294967278,160
4294967279,334
4294967278,159
4294967278,158
4294967278,157
4294967278,154
4294967278,156
23,5
23,4
4294967278,155
23,3
23,2
23,1
4294967278,153
4294967278,152
4294967279,333
4294967278,151
4294967294,394
4294967278,150
4294967278,523
4294967278,37
4294967279,332
4294967278,36
4294967279,331
4294967278,35
4294967278,146
4294967278,33
4294967278,145
4294967278,144
4294967278,31
4294967278,143
4294967279,330
4294967278,142
21,6
21,5
4294967278,141
21,4
21,3
21,2
21,1
4294967279,329
4294967278,140
4294967279,328
4294967279,18
4294967278,26
4294967278,25
4294967278,277
4294967278,137
4294967279,327
4294967278,136
4294967278,135
4294967278,522
4294967278,23
4294967279,135
4294967278,134
4294967279,133
4294967279,272
4294967279,279
4294967279,271
4294967279,269
4294967279,267
4294967279,266
4294967279,265
4294967278,521
4294967279,13
4294967279,264
4294967279,277
4294967278,520
4294967279,263
18,6
4294967279,259
4294967279,261
4294967279,326
18,5
4294967294,387
4294967294,388
4294967279,258
4294967279,257
18,4
18,3
18,2
18,1
4294967279,256
4294967294,396
4294967294,409
4294967294,399
4294967294,385
4294967294,949
4294967294,420
4294967294,384
4294967294,948
4294967294,398
4294967294,168
4294967294,455
4294967294,416
4294967279,255
4294967279,274
4294967294,392
4294967294,389
4294967294,114
4294967278,519
4294967279,325
4294967278,257
4294967278,518
4294967279,324
4294967278,517
4294967279,323
4294967294,38
4294967294,37
4294967294,1416
4294967294,912
4294967294,906
4294967278,516
4294967278,256
4294967279,322
4294967279,321
4294967278,515
4294967279,320
4294967279,319
4294967278,514
4294967278,513
4294967279,318
17,6
4294967278,512
17,5
4294967279,317
17,4
4294967278,254
17,3
17,2
17,1
4294967278,319
4294967279,316
4294967294,40
4294967294,41
4294967278,252
4294967294,44
4294967294,89
4294967279,315
4294967278,251
4294967294,43
4294967279,314
4294967278,249
4294967278,246
4294967294,393
4294967294,53
4294967294,417
4294967294,51
4294967294,91
4294967294,88
4294967294,87
4294967294,85
4294967294,82
4294967278,244
4294967278,245
4294967278,242
4294967278,240
4294967278,236
4294967278,238
4294967278,237
4294967278,318
4294967294,99
4294967278,234
4294967278,232
4294967278,230
4294967294,92
4294967278,229
4294967294,905
4294967294,186
4294967278,226
4294967294,107
4294967278,224
14,4
4294967278,222
14,3
14,2
14,1
4294967278,221
4294967278,220
4294967294,1418
4294967294,390
4294967278,214
4294967278,217
4294967278,215
13,5
4294967278,213
4294967278,212
13,4
13,3
13,2
13,1
4294967279,313
